1
2
3
4
5
6
7
8
9
10
11
12
13
14
15
16
17
18
19
20
21
22
23
24
25
26
27
28
29
30
31
32
33
34
35
36
37
38
39
40
41
42
43
44
45
46
47
48
49
50
51
52
53
54
55
56
57
58
59
60
61
62
63
64
65
66
67
68
69
70
71
72
73
74
75
76
77
78
79
80
81
82
83
84
85
86
87
88
89
90
91
92
93
94
95
96
97
98
99
100
164
3868
5774
6515
10281
11828
12206
12532
13258
14047
17104
17129
19801
21144
21277
22465
23162
24612
24824
28834
28943
31223
31593
31666
32136
32611
33552
35956
37111
37840
38400
38849
41751
44043
45726
46244
46678
46935
47054
48776
49076
49579
50541
51693
52030
52048
53386
53419
56027
56392
57780
60384
60677
61465
62777
67350
67812
68861
70855
71527
74196
74379
76252
76462
78107
78223
80001
80653
81355
82158
84028
84122
84173
84862
86063
86188
86264
87867
88417
88915
88978
89286
89990
90001
90232
90324
91845
92119
92993
93562
94101
98286
99639
99842
100358
101607
101680
102258
103681
105327
107464
108365
108970
109011
110117
111986
112678
112699
113693
115005
116825
116838
117092
118921
119632
121970
122658
123788
130296
130748
130983
131432
131897
137270
138565
139462
141522
142609
143522
144305
144600
144604
144813
145751
145796
147848
148222
150305
150812
151122
151951
152719
153842
154111
154143
154205
154753
157926
158422
158782
160413
162658
163475
165107
166318
166711
167306
167822
168546
169991
170896
171014
172051
172962
173178
173478
174537
174832
176247
179161
180850
181810
183400
185123
185515
187088
187508
190132
191811
192464
192586
195083
195761
197336
201668
203117
203245
203942
204448
206050
207701
211305
211513
213087
214643
219088
219907
221461
221994
223151
225317
225701
227423
229110
230921
233479
233787
234250
234318
234593
235077
235097
236037
236166
236327
237222
237977
239783
240818
243032
243385
244093
244758
245091
245209
246749
247768
248148
248995
249392
250490
251039
253096
254197
254213
254356
255063
257026
257290
258157
259309
260008
261506
261514
262170
262214
264142
264880
267112
267309
268506
270658
271266
272976
276880
278462
279117
280316
281201
284861
285364
287269
287327
287484
289215
290073
291222
294469
297515
298106
299243
299989
300646
301171
301524
302031
303450
304282
305359
306271
306360
308118
309577
312503
312545
314278
315010
315779
316590
319977
320740
322478
323699
324083
327724
328894
328896
330866
333327
333484
333535
333797
333952
336755
337619
338498
339916
341001
341295
344120
344160
347179
348168
349753
350754
352384
355095
356352
357503
357516
358683
358717
359143
359287
361279
362402
363422
363999
366161
366217
366480
366755
367507
369002
370925
370990
373746
374550
375185
375692
375970
376000
376099
378677
378935
379005
379714
380191
383020
383988
384058
384730
385338
385528
385600
386009
388943
389386
390135
391880
395265
395814
396754
402739
402927
403095
403470
404095
406483
410436
411192
412246
413335
414035
414208
414591
416059
418778
418823
419491
423645
425382
426243
426738
427941
429213
430603
431355
431558
432733
433418
435737
438437
439075
440525
443919
446193
446436
446941
448717
450089
450743
450969
451563
454484
454587
454729
455331
456263
456915
457031
458376
459463
460397
460794
461491
463100
466225
466779
467968
471597
471703
474786
474989
475670
475760
476344
476893
476910
478461
478827
479916
482529
483668
484301
485393
486238
486764
488706
488867
489503
490528
490597
491365
491517
491911
495467
496395
498022
498502
501459
502174
502439
502614
502703
509171
510834
510918
511355
514462
516287
516769
517044
517216
517771
518576
521718
522725
524663
525046
525887
526588
526680
531743
533048
534145
537625
538123
538302
540201
542030
543942
544533
546324
546790
547412
548115
548927
550080
550965
551308
552983
553098
553312
556050
557751
558233
559019
561292
562339
563030
563551
564551
564700
565191
567010
569124
569137
569323
569366
571130
571239
571385
571392
572273
574229
574314
575443
576169
576456
576637
577054
577960
578365
579795
580031
580379
582215
582295
583140
586880
587251
587377
588408
588487
589681
592265
592786
593429
595270
598432
599189
599607
599969
600238
601441
601982
606680
607867
612455
613250
613605
614981
616031
618345
619827
619967
622302
622637
624291
625406
626527
627749
631251
631497
633650
634323
635019
637277
637350
638215
639376
642242
642315
645721
648363
648715
649035
649885
652180
656826
658424
658559
659416
659724
659870
662433
663706
667390
668374
669760
671650
671922
672874
675752
677183
678338
679047
679112
681092
682039
682286
682511
682840
683235
686456
687175
687443
689509
690644
691526
693394
693589
693603
693838
694286
695327
695377
696706
697287
698327
699487
699942
701836
703065
703225
703252
705630
706598
706995
707531
708759
708962
709369
711121
711765
714816
715382
715803
717485
717647
718510
718876
719828
720108
720530
720830
721379
721433
721498
721573
721896
723760
725104
727215
727754
729273
731709
732089
735193
739443
739542
739604
740134
741808
741852
743415
744913
749398
750570
750978
751701
752134
753600
754643
754790
755400
756117
756282
756368
758208
759096
759367
759451
760452
762656
763070
763266
763939
765021
766096
771159
774872
775536
775626
775642
777734
777835
780788
780810
782072
782410
782656
785275
788227
788307
789467
789681
793535
794610
796930
798438
798621
799445
800086
807113
810750
810838
811846
812733
813691
813835
814026
814932
815093
815199
815213
816317
818702
819594
822352
823302
824597
825581
827449
827980
831489
832769
834082
834545
834675
838369
842837
843648
844514
844979
846191
846417
846755
849104
851626
852243
852439
852639
854659
855831
856117
856194
857514
858680
861464
861849
864044
864052
865850
865911
866432
866513
868351
868469
870352
870830
871293
873605
876014
876577
876873
877579
878918
879988
881134
881791
883772
886061
886540
888570
889935
890370
890782
891144
892353
892578
895473
895728
895840
896062
896732
897101
898888
900388
900566
900904
902846
904709
905596
907128
907448
908301
908759
909363
910544
910746
911560
913943
918571
918653
919256
920332
920962
925763
926934
927685
928065
928769
932025
932965
933073
934422
934480
934980
938900
938911
940289
941142
941432
942086
943579
944745
945093
945673
945806
947088
947210
947238
948678
949528
950772
951939
952763
953626
955568
956711
957495
958854
958986
960784
961423
963708
964186
972812
972891
974260
976296
977154
977405
977965
979073
980282
980577
980980
981668
982149
982822
983670
983685
983874
983947
984109
984406
985805
986877
987353
987538
988440
989063
989454
989595
989850
989985
994190
994972
995249
995774
995832
996601
996860
998278
998517
999268
999997
